# Created by Octave 3.2.4, Fri Dec 06 01:14:06 2013 CST <menie@ubuntu>
# name: dis_s
# type: matrix
# rows: 1
# columns: 45
 13.30367476569628 13.30367474901453 5.810077433747929 38.82604005779648 232.2832852457538 219.0143901716932 223.6985284987999 7.227479363762018 20.83743728135921 15.6393787661902 1.066346833397686 5.446404153416176 8.207468554452165 8.290829678928075 8.136148391931107 8.814094362640434 6.530551325555897 5.507119252253275 5.142386506617308 6.682380949545735 7.4462562405944 8.730740927544403 7.054929795291296 6.51620736432051 6.704038642538958 5.334448224457266 0.9780478898614073 0.988806195686174 0.03141236473210474 0.4268612088831514 1.339715425419025 1.89836782629433 2.155355041074733 1.950225015453747 1.530451990434572 0.8593668793532502 0.09907564030347582 1.045753921541606 0.7108001448816661 0.1679678098984455 0.7264373202102619 0.5756732931335213 0.5819184236960054 0.5872244105175101 0
