# Created by Octave 3.2.4, Fri Dec 06 01:13:00 2013 CST <menie@ubuntu>
# name: dis_s
# type: matrix
# rows: 1
# columns: 32
 21.97177698100332 21.97177698100332 39.53178706767842 179.6051739889442 4795.774450648099 66.76326297419286 105.3359618965714 103.4588253103053 27.47835762102213 55.38770092523983 40.02757492207096 124.5020630308705 115.6666840466601 98.82666765605383 105.1349248891788 145.9390466179262 24.40136365394699 4.177907301071667 6.318208232873299 5.797892808411246 5.777994875467935 5.714929412705968 5.192997254991074 5.99161557687847 6.563681201977377 6.143193389026404 6.856587731105629 0.287774806884418 0.02806738763883379 0.09831427375033375 0.1186673633798993 0
