# Created by Octave 3.2.4, Fri Dec 06 01:13:00 2013 CST <menie@ubuntu>
# name: dis_a
# type: matrix
# rows: 1
# columns: 32
 0.7634762750481123 0.7634762750481123 0.7634762750481123 0.7634762750481123 0.7634762750481123 0.7634762750481123 0.7634762750481123 2.164875054816926 2.91412705307147 7.375932297965283 4.383416106089718 0.6218257002799796 0.3739453528413885 0.1717374333783848 0.1840546709387379 0.2146380348936539 0.6677480480251706 0.6138474909431819 0.3683976507519225 0.3349344160111716 0.3318241651826619 0.2950824931063381 0.265201106172842 0.2355085252853693 0.2111515509143907 0.2946132971527808 0.2236008900517016 0.115215300147971 0.05639174656722438 0.0179336871929021 0.07320661038381038 0
