# Created by Octave 3.2.4, Fri Dec 06 01:14:06 2013 CST <menie@ubuntu>
# name: dis_a
# type: matrix
# rows: 1
# columns: 45
 0.6540306997140231 0.6540306997140231 0.6540306997140231 0.6540306997140231 0.6540306997140231 0.6540306997140231 0.6540306997140231 0.6540306997140231 0.6540306997140231 0.6540306997140231 0.6540306997140231 0.6540306997140231 128.4874338950911 19.75424692018543 106.4215933468724 267.9153266088621 12.66402956375009 2.707576409493634 2.244856310622948 2.047851630158204 2.001050231123785 1.775859581184151 1.783421151724432 1.679620046326996 1.710994243161547 1.306613731804565 0.1839133505850396 0.3378364369096417 0.2841206238963189 0.1663217034445145 0.1635348593622529 0.158228599321934 0.1524243783369927 0.1784708119725475 0.1733795520204796 0.1157639361481536 0.09773925907784212 0.1252657737292174 0.04361106643169037 0.04756412373165365 0.09101981924225067 0.09094683925439204 0.1852308638553803 0.1912351066995617 0
